((("HOMFLY-PT多項式" .
   [0 0 0 0 0 0 0 0 0 0 0 1])
  ("Chern-Simons理論がnon-Lagrangian理論と呼ばれる仮想的な場の量子論であるという物理学的問題である" .
   [0 0 0 0 0 0 0 0 0 0 0 0 0 0 0 1 0 0 0 0 0 0 0 0 0 0 0 0 0 0 0 0 0 0 0 0 0 0 0 0 0 0 0 0 0 0 0 0 0 0 0 0 0 0 0 0 0 0 0 0])
  ("本報告書では" .
   [0 0 0 0 0 1])
  ("予想" .
   [1 0])
  ("based" .
   [1 0 0 0 0])
  ("which" .
   [1 0 0 0 0])
  ("particles" .
   [1 0 0 0 0 0 0 0 0])
  ("with" .
   [1 0 0 0])
  ("split" .
   [1 0 0 0 0])
  ("We" .
   [1 0])
  ("loops" .
   [1 0 0 0 0])
  ("oriented" .
   [1 0 0 0 0 0 0 0])
  ("new" .
   [1 0 0])
  ("mathematics" .
   [3 0 0 0 0 0 0 0 0 0 0])
  ("into" .
   [2 0 0 0])
  ("physics" .
   [2 0 0 0 0 0 0])
  ("t" .
   [1])
  ("models" .
   [1 0 0 0 0 0])
  ("as" .
   [2 0])
  ("regarded" .
   [1 0 0 0 0 0 0 0])
  ("theories" .
   [1 0 0 0 0 0 0 0])
  ("These" .
   [1 0 0 0 0])
  ("also" .
   [1 0 0 0])
  ("but" .
   [2 0 0])
  ("that" .
   [1 0 0 0])
  ("only" .
   [1 0 0 0])
  ("not" .
   [1 0 0])
  ("such" .
   [1 0 0 0])
  ("In" .
   [3 0])
  ("verify" .
   [1 0 0 0 0 0])
  ("ideas" .
   [1 0 0 0 0])
  ("observables" .
   [1 0 0 0 0 0 0 0 0 0 0])
  ("physical" .
   [1 0 0 0 0 0 0 0])
  ("compute" .
   [1 0 0 0 0 0 0])
  ("string" .
   [2 0 0 0 0 0])
  ("and" .
   [5 0 0])
  ("field" .
   [3 0 0 0 0])
  ("quantum" .
   [3 0 0 0 0 0 0])
  ("method" .
   [1 0 0 0 0 0])
  ("some" .
   [1 0 0 0])
  ("apply" .
   [2 0 0 0 0])
  ("can" .
   [3 0 0])
  ("one" .
   [2 0 0])
  ("means" .
   [1 0 0 0 0])
  ("is" .
   [2 0])
  ("induces" .
   [1 0 0 0 0 0 0])
  ("the" .
   [5 0 0])
  ("math" .
   [2 0 0 0])
  ("M-theory" .
   [1 0 0 0 0 0 0 0])
  ("LMOV予想はChern-Simons理論と位相的弦理論の間のlarge" .
   [0 0 0 0 0 0 0 1 0 0 0 0 0 0 0 0 0 0 0 0 0 0 0 0 0 0 0 0 0 0 0 0 0 0 0 0])
  ("Gromov-Witten不変量の母関数となる" .
   [0 0 0 0 0 0 0 0 0 0 0 0 0 0 0 0 0 0 0 0 1 0 0])
  ("上のChern-Simons理論とresolved" .
   [0 0 0 0 0 0 0 0 0 0 0 0 0 0 0 0 1 0 0 0 0 0 0 0 0])
  ("Wilson" .
   [1 0 0 0 0 0])
  ("双対性の一部である" .
   [0 0 0 0 0 0 0 1 0])
  ("maketitle" .
   [1 0 0 0 0 0 0 0 0])
  ("was" .
   [1 0 0])
  ("itemize" .
   [0 0 0 0 0 0 1])
  ("refinements" .
   [2 0 0 0 0 0 0 0 0 0 0])
  ("As" .
   [1 0])
  ("H_1" .
   [2 0 0])
  ("Sigma_" .
   [1 0 0 0 0 0])
  ("to" .
   [3 0])
  ("ig_" .
   [1 0 0])
  ("n_" .
   [2 0])
  ("この節では詳細に触れずに次の3つの主張を復習する" .
   [0 0 0 0 1 0 0 0 0 0 0 0 0 0 0 0 0 0 0 0 0 0 0 0])
  ("F_g" .
   [2 0 0])
  ("in" .
   [4 0])
  ("duality" .
   [1 0 0 0 0 0 0])
  ("depending" .
   [1 0 0 0 0 0 0 0 0])
  ("perturbation" .
   [0 0 0 0 0 1 0 0 0 0 0 0])
  ("curve" .
   [0 0 0 1 0])
  ("parameter" .
   [1 0 0 0 0 0 0 0 0])
  ("equation" .
   [1 0 0 0 0 0 0 0])
  ("Chern-Simon" .
   [0 0 0 0 0 1 1 0 0 0 0])
  ("refined" .
   [1 0 0 0 0 0 0])
  ("cite" .
   [2 0 0 0])
  ("confirm" .
   [2 0 0 0 0 0 0])
  ("work" .
   [1 0 0 0])
  ("Refined" .
   [1 0 0 0 0 0 0])
  ("understand" .
   [1 0 0 0 0 0 0 0 0 0])
  ("jpg" .
   [1 0 0])
  ("lambda_1" .
   [3 0 0 0 0 0 0 1])
  ("i=i" .
   [2 0 0])
  ("lambda_i" .
   [1 0 0 0 0 0 0 0])
  ("x_i" .
   [1 0 0])
  ("x=" .
   [1 0])
  ("p_n" .
   [1 0 0])
  ("&=t" .
   [1 0 0])
  ("vanish" .
   [1 0 0 0 0 0])
  ("mu" .
   [1 0])
  ("P_" .
   [3 0])
  ("braket" .
   [1 0 0 0 0 0])
  ("=g_" .
   [1 0 0])
  ("mu=" .
   [1 0 0])
  ("space" .
   [1 0 0 0 0])
  ("Sigma" .
   [1 0 0 0 0])
  ("by" .
   [1 0])
  ("equiv" .
   [1 0 0 0 0])
  ("Psi_R" .
   [1 0 0 0 0])
  ("product" .
   [1 0 0 0 0 0 0])
  ("appendix" .
   [1 0 0 0 0 0 0 0])
  ("QFT" .
   [1 0 0])
  ("an" .
   [2 0])
  ("K_2" .
   [1 0 0])
  ("K_1" .
   [1 0 0])
  ("Large" .
   [1 0 0 0 0])
  ("conjecture" .
   [4 0 0 0 0 0 0 0 0 0])
  ("jheppub2" .
   [1 0 0 0 0 0 0 0])
  ("i" .
   [7])
  ("a" .
   [6])
  ("s" .
   [6])
  ("c" .
   [8])
  ("test" .
   [1 0 0 0])
  ("author" .
   [1 0 0 0 0 0])
  ("printf" .
   [1 0 0 0 0 0])
  ("&+" .
   [2 0])
  ("=2" .
   [3 0])
  ("-0" .
   [3 0])
  ("table" .
   [0 0 0 1 0])
  ("nonumber" .
   [2 0 0 0 0 0 0 0])
  ("_1" .
   [3 0])
  ("Q_" .
   [2 0])
  ("-m" .
   [1 0])
  ("N_c" .
   [5 0 0])
  ("alpha=1" .
   [1 0 0 0 0 0 0])
  ("lambda_" .
   [9 0 0 0 0 0 0])
  ("e_1" .
   [1 0 0])
  ("Nek" .
   [2 0 0])
  ("q_" .
   [1 0])
  ("Z_" .
   [2 0])
  ("we" .
   [3 0])
  ("counting" .
   [1 0 0 0 0 0 0 0])
  ("Kameyama" .
   [2 0 0 0 0 0 0 0])
  ("Recruiter" .
   [0 0 0 1 0 0 0 0 0])
  ("kamesen038" .
   [4 0 0 0 0 0 0 0 0 0])
  ("愛知県名古屋市昭和区宮東町234" .
   [0 0 0 0 0 0 0 0 0 0 0 0 1 1 0 0])
  ("textgt" .
   [1 0 0 0 0 0])
  ("国立大学法人" .
   [1 0 0 0 0 0])
  ("CS" .
   [1 0])
  ("sum_j" .
   [1 0 0 0 0])
  ("|-1" .
   [1 0 0])
  ("beta2" .
   [1 0 0 0 0])
  ("J_r-" .
   [1 0 0 0])
  ("chi_R" .
   [1 0 0 0 0])
  ("written" .
   [0 0 0 0 1 0 1])
  ("B_" .
   [1 0])
  ("C_" .
   [1 0])
  ("analyzed" .
   [0 0 0 0 1 0 0 0])
  ("ve" .
   [1 0])
  ("z_" .
   [1 0])
  ("f_" .
   [3 0])
  ("=-" .
   [3 0])
  ("p_" .
   [1 0])
  ("convenient" .
   [1 0 0 0 0 0 0 0 0 0])
  ("prod_" .
   [7 0 0 0 0])
  ("cdots" .
   [4 0 0 0 0])
  ("n_1" .
   [1 0 0])
  ("F_" .
   [9 0])
  ("g_s" .
   [3 0 0])
  ("sum_" .
   [10 0 0 0])
  ("align" .
   [1 0 0 0 0])
  ("minipage" .
   [2 0 0 0 0 0 0 0])
  ("T_" .
   [6 0])
  ("trefoil" .
   [1 0 0 0 0 0 0])
  ("&=" .
   [13 0])
  ("mathbb" .
   [1 0 0 0 0 0])
  ("H_2" .
   [1 0 0])
  ("-1" .
   [36 0])
  ("t=" .
   [2 0])
  ("q=" .
   [2 0])
  ("a=-" .
   [1 0 0])
  ("benchmark-run" .
   [0 0 1 0 0 0 0 0 0 0 0 0 0])
  ("beg-of-buf" .
   [0 0 1 1 0 0 0 0 0 0])
  ("beep" .
   [0 0 1 0])
  ("complete" .
   [0 0 0 0 1 0 0 0])
  ("compare" .
   [0 0 0 0 1 0 0])
  ("comint" .
   [0 1 0 0 0 0])
  ("beginning-of-thing" .
   [0 0 0 1 0 0 0 0 0 0 0 0 0 0 0 0 0 0])
  ("bm2" .
   [0 1 0])
  ("begin" .
   [1 0 0 1 0])
  ("hline" .
   [8 0 0 0 0])
  ("m13020v" .
   [3 0 0 0 0 0 0])
  ("jp" .
   [1 0])
  ("Japan" .
   [2 0 0 0 0])
  ("Japanese" .
   [1 0 0 0 0 0 0 0])
  ("Graduate" .
   [1 0 0 0 0 0 0 0])
  ("-4" .
   [9 0])
  ("-2" .
   [17 0])
  ("-3" .
   [13 0])
  ("-5" .
   [3 0])
  ("overline" .
   [3 0 0 0 0 0 0 0])
  ("q=e" .
   [2 0 0])
  ("k_j" .
   [1 0 0])
  ("prod_j" .
   [1 0 0 0 0 0])
  ("J_r-S_R" .
   [1 0 0 0 0 0 0])
  ("left" .
   [1 0 0 0])
  ("S_R" .
   [3 0 0])
  ("-t" .
   [1 0])
  ("s=" .
   [1 0])
  ("beta" .
   [2 0 0 0])
  ("J_R" .
   [3 0 0])
  ("epsilon_1" .
   [4 0 0 0 0 0 0 0 0])
  ("epsilon_2" .
   [9 0 0 0 0 0 0 0 0])
  ("J_r" .
   [1 0 0])
  ("g-1" .
   [1 0 0])
  ("epsilon_1+" .
   [1 0 0 0 0 0 0 0 0 0])
  ("g_" .
   [4 0])
  ("subsection*" .
   [2 0 0 0 0 0 0 0 0 0 0])
  ("-i" .
   [1 0])
  ("RHS=" .
   [1 0 0 0])
  ("研究内容" .
   [1 0 0 0])
  ("rireki2" .
   [1 0 0 0 0 0 0])
  ("Re" .
   [0 1])
  ("theory" .
   [6 0 0 0 0 0])
  ("re" .
   [1 0])
  ("Gauge/String" .
   [0 0 0 0 0 0 1 0 0 0 0 0])
  ("Although" .
   [0 0 0 0 0 0 1 0])
  ("use" .
   [1 0 0])
  ("N_" .
   [6 0])
  ("J_L" .
   [1 0 0])
  ("J_" .
   [2 0])
  ("vertex" .
   [0 0 0 0 0 1])
  ("following" .
   [1 0 0 0 0 0 0 0 0])
  ("+1" .
   [1 0])
  ("_2" .
   [2 0])
  ("-6" .
   [3 0])
  ("-10" .
   [1 0 0])
  ("draw" .
   [1 0 0 0])
  ("end" .
   [3 0 0])
  ("tabular" .
   [1 0 0 0 0 0 0])
  ("example" .
   [1 0 0 0 0 0 0])
  ("=1" .
   [7 0])
  ("Q_1" .
   [1 0 0])
  ("Q_f" .
   [1 0 0])
  ("delta_" .
   [4 0 0 0 0 0])
  ("j_L" .
   [1 0 0])
  ("j_R" .
   [1 0 0])
  ("read" .
   [1 0 0 0])
  ("tilde" .
   [1 0 0 0 0])
  ("F_1" .
   [1 0 0])
  ("F_2" .
   [1 0 0])
  ("from" .
   [2 0 0 0])
  ("widetilde" .
   [1 0 0 0 0 0 0 0 0])
  ("on" .
   [3 0])
  ("g=2" .
   [1 0 0])
  ("g=1" .
   [1 0 0])
  ("part" .
   [1 0 0 0])
  ("moji" .
   [1 0 0 0])
  ("suji" .
   [5 0 0 0])
  ("srand" .
   [2 0 0 0 0])
  ("cr" .
   [9 0])
  ("sum" .
   [2 0 0])
  ("j_r" .
   [3 0 0])
  ("+3" .
   [1 0])
  ("result" .
   [1 0 0 0 0 0])
  ("j_r=-5/2" .
   [1 0 0 0 0 0 0 0])
  ("cin" .
   [2 0 0])
  ("cout" .
   [5 0 0 0])
  ("endl" .
   [6 0 0 0])
  ("data1" .
   [0 0 0 0 1])
  ("d" .
   [1])
  ("v" .
   [3])
  ("invariant" .
   [1 0 0 0 0 0 0 0 0])
  ("M2-M5" .
   [0 0 1 0 0])
  ("M5-branes" .
   [1 0 0 0 0 0 0 0 0])
  ("modular" .
   [1 0 0 0 0 0 0])
  ("for" .
   [1 0 0])
  ("level" .
   [1 0 0 0 0])
  ("of" .
   [4 0])
  ("realized" .
   [1 0 0 0 0 0 0 0])
  ("infty" .
   [1 0 0 0 0])
  ("position" .
   [1 0 0 0 0 0 0 0])
  ("University" .
   [1 0 0 0 0 0 0 0 0 0])
  ("閉弦の場合に若干の差がありLMOV予想は開弦の場合に相当する" .
   [0 0 0 0 0 0 0 0 0 0 0 0 0 1 0 0 0 0 0 0 0 0 0 0 0 0 0 0 0 0])
  ("g=0" .
   [1 0 0])
  ("link" .
   [1 0 0 0])
  ("S_" .
   [1 0])
  ("LMOV" .
   [1 0 0 0])
  ("matrix" .
   [2 0 0 0 0 0])
  ("n_i" .
   [1 0 0])
  ("i=1" .
   [2 0 0])
  ("has" .
   [1 0 0])
  ("invariants" .
   [3 0 0 0 0 0 0 0 0 0])
  ("rho_1" .
   [6 0 0 0 0])
  ("rho_N" .
   [5 0 0 0 0])
  ("are" .
   [2 0 0])
  ("rho_1+" .
   [1 0 0 0 0 0])
  ("rho_N+" .
   [1 0 0 0 0 0])
  ("lambda_N" .
   [1 0 0 0 0 0 0 0])
  ("unknot" .
   [1 0 0 0 0 0])
  ("Sigma_g" .
   [1 0 0 0 0 0 0])
  ("parameters" .
   [1 0 0 0 0 0 0 0 0 0])
  ("予想と呼ばれ" .
   [0 0 0 0 0 1])
  ("loop汎関数の期待値は結び目の不変量を与えることを示した" .
   [0 0 0 0 0 0 0 0 0 0 0 0 1 0 0 0 0 0 0 0 0 0 0 0 0 0 0 0 0])
  ("Jones多項式の圏化によって得られるホモロジー的不変量はJones不変量では区別できない結び目を判別できるため" .
   [0 0 0 0 0 0 0 0 1 0 0 0 0 0 0 0 0 0 0 0 0 0 0 0 0 0 0 0 0 0 0 0 0 0 0 0 0 0 0 0 0 0 0 0 0 0 0 0 0 0 0 0 0 0 0 0])
  ("この結果はGukov" .
   [0 0 1 0 0 0 1 0 0 0])
  ("背景が複雑かつ物理と数学の双方に広がる研究内容のため精密化前のlarge" .
   [0 0 0 0 0 1 0 0 0 0 0 0 0 0 0 0 0 0 0 0 0 0 0 0 0 0 1 0 0 0 0 0 0 0 0 0])
  ("一方位相的弦理論の摂動的定式化の立場では世界面と呼ばれるRiemann面を標的空間と呼ばれる3次元Calabi-Yau多様体への埋め込みとして定式化される" .
   [0 0 0 0 0 1 0 0 0 0 0 0 0 0 0 0 0 0 0 0 0 0 0 0 0 0 0 0 0 0 0 0 0 0 0 0 0 0 0 0 0 0 0 0 0 0 0 0 0 0 0 0 0 0 0 0 0 0 0 0 0 0 0 0 0 0 0 0 0 0 0 0 0 0 0 0 0])
  ("双対性の精密化を提案した" .
   [0 0 0 0 0 0 1 0 0 0 0 0])
  ("本論文ではLMOV予想の精密化について解説する" .
   [0 0 0 0 0 0 0 0 0 1 0 0 0 0 0 0 0 0 0 0 0 0 0])
  ("双対性は" .
   [1 0 0 1])
  ("双対性は数学的には3次元トポロジーの位相不変量と3次元Calabi-Yau多様体中の代数曲線の数え上げ不変量の対応を主張する" .
   [0 0 0 0 0 0 1 0 0 0 0 0 0 0 0 0 0 0 0 0 0 0 0 0 0 0 0 0 0 0 0 0 0 0 0 0 0 0 0 0 0 0 0 0 0 0 0 0 0 0 0 0 0 0 0 0 0 0 0 0 0 0])
  ("Chern-Simons理論は位相的ゲージ理論の典型例である" .
   [0 0 0 0 0 0 0 0 0 0 0 0 0 0 0 0 0 0 1 0 0 0 0 0 0 0 0 0 0 0])
  ("開弦の場合はopen" .
   [0 0 1 0 0 0 0 0 0 0])
  ("彼らの主張は閉弦の自由エネルギー" .
   [0 0 0 1 0 0 0 0 1 0 0 0 0 0 0 0])
  ("C-c" .
   [1 0 0])))
